0.000000000000000000e+00
6.210945609818626287e-07
1.373626105063901864e-06
2.411872322000987974e-06
3.938794389754963179e-06
6.238124523669358211e-06
9.716422434076131014e-06
1.495954559363049256e-05
2.280893117193121781e-05
3.446425420234014745e-05
5.162036981344678290e-05
7.664790250064173788e-05
1.128283108151809501e-04
1.646555838363727628e-04
2.382177152600885566e-04
3.416714935769182577e-04
4.858236292013578183e-04
6.848294533604301149e-04
9.570169870451121887e-04
1.325838718854402193e-03
1.820945631515706077e-03
2.479367676161450731e-03
3.346771991212781246e-03
4.478754932420873740e-03
5.942106975143107706e-03
7.815971691968414542e-03
1.019280261299135813e-02
1.317900653036468972e-02
1.689515070432501612e-02
2.147560663000406406e-02
2.706750668444891580e-02
3.382890398926224201e-02
4.192605156646533882e-02
5.152975489481766841e-02
6.281080178882349208e-02
7.593453337032958494e-02
9.105468669877637977e-02
1.083067090140659994e-01
1.278008101161685339e-01
1.496150770793031048e-01
1.737890180559525100e-01
2.003179236363729354e-01
2.291484305200582050e-01
2.601756403422935682e-01
2.932420858914773221e-01
3.281387497613609816e-01
3.646082314608881103e-01
4.023500353017320230e-01
4.410278220059014598e-01
4.802783420011964566e-01
5.197216580003206632e-01
5.589721779956151604e-01
5.976499646997844861e-01
6.353917685406269555e-01
6.718612502401523079e-01
7.067579141100345241e-01
7.398243596592161131e-01
7.708515694814498387e-01
7.996820763651322217e-01
8.262109819455493165e-01
8.503849229221946970e-01
8.721991898853266312e-01
8.916932909874258906e-01
9.089453133027114440e-01
9.240654666311536314e-01
9.371891982126553389e-01
9.484702451066565621e-01
9.580739484350029311e-01
9.661710960121995262e-01
9.729324933170039325e-01
9.785243933714409259e-01
9.831048492971118380e-01
9.868209934710631126e-01
9.898071973884287056e-01
9.921840283094417456e-01
9.940578930262569113e-01
9.955212450689672199e-01
9.966532280101617625e-01
9.975206323251986085e-01
9.981790543698306761e-01
9.986741612824756587e-01
9.990429830142677492e-01
9.993151705479327296e-01
9.995141763720708505e-01
9.996583285076727776e-01
9.997617822859624637e-01
9.998353444173548876e-01
9.998871716903402485e-01
9.999233520986123835e-01
9.999483796312530481e-01
9.999655357468080208e-01
9.999771910697734523e-01
9.999850404552770300e-01
9.999902835783485155e-01
9.999937618761552960e-01
9.999960612061675747e-01
9.999975881280970258e-01
9.999986263741706960e-01
9.999993789055652282e-01
1.000000000000000000e+00
